[2, 8, 346, 0]
[123, 346, 2, 1]
[346, 351, 323, 2]
[344, 357, 184, 3]
[344, 357, 5, 4]
[346, 6, 4, 5]
[346, 4, 10, 6]
[189, 344, 357, 7]
[160, 191, 8, 346]
[183, 189, 344, 357]
[6, 8, 346, 10]
[189, 344, 357, 11]
[189, 344, 357, 12]
[191, 8, 346, 13]
[189, 344, 357, 14]
[189, 344, 357, 15]
[191, 8, 346, 16]
[123, 346, 161, 17]
[346, 17, 161, 18]
[179, 8, 346, 19]
[134, 8, 346, 20]
[346, 22, 23, 21]
[21, 30, 23, 22]
[21, 30, 22, 23]
[8, 123, 346, 24]
[8, 346, 46, 25]
[346, 310, 306, 26]
[191, 8, 346, 27]
[8, 346, 279, 28]
[317, 8, 346, 29]
[346, 22, 23, 30]
[189, 344, 357, 31]
[34, 37, 35, 32]
[34, 35, 37, 33]
[32, 37, 35, 34]
[32, 34, 37, 35]
[8, 346, 72, 36]
[34, 35, 33, 37]
[176, 224, 197, 38]
[8, 346, 41, 39]
[182, 8, 346, 40]
[189, 344, 357, 41]
[191, 8, 346, 42]
[75, 8, 346, 43]
[8, 346, 394, 44]
[394, 306, 314, 45]
[191, 8, 346, 46]
[8, 346, 449, 47]
[56, 59, 62, 48]
[191, 8, 346, 49]
[56, 59, 62, 50]
[58, 62, 59, 51]
[59, 62, 61, 52]
[346, 287, 276, 53]
[115, 121, 267, 54]
[134, 8, 346, 55]
[48, 59, 62, 56]
[189, 344, 357, 57]
[59, 62, 56, 58]
[56, 65, 62, 59]
[189, 344, 357, 60]
[59, 62, 52, 61]
[48, 56, 59, 62]
[56, 59, 62, 63]
[201, 8, 346, 64]
[56, 62, 59, 65]
[189, 344, 357, 66]
[189, 344, 357, 67]
[120, 8, 346, 68]
[346, 28, 279, 69]
[267, 52, 61, 70]
[345, 8, 346, 71]
[344, 357, 366, 72]
[8, 346, 294, 73]
[470, 52, 186, 74]
[8, 346, 43, 75]
[189, 344, 357, 76]
[357, 391, 123, 77]
[189, 344, 357, 78]
[189, 344, 357, 79]
[191, 8, 346, 80]
[344, 357, 76, 81]
[470, 8, 346, 82]
[189, 344, 357, 83]
[189, 344, 357, 84]
[189, 344, 357, 85]
[345, 8, 346, 86]
[344, 357, 84, 87]
[117, 101, 113, 88]
[113, 105, 120, 89]
[76, 101, 123, 90]
[191, 8, 346, 91]
[94, 95, 93, 92]
[141, 94, 92, 93]
[93, 102, 98, 94]
[98, 92, 93, 95]
[117, 120, 113, 96]
[101, 105, 120, 97]
[102, 141, 94, 98]
[102, 93, 92, 99]
[344, 357, 282, 100]
[113, 120, 117, 101]
[141, 98, 94, 102]
[125, 137, 135, 103]
[189, 344, 357, 104]
[119, 113, 120, 105]
[113, 105, 120, 106]
[105, 117, 120, 107]
[189, 344, 357, 108]
[344, 357, 76, 109]
[105, 120, 101, 110]
[135, 131, 114, 111]
[123, 346, 294, 112]
[117, 120, 122, 113]
[125, 135, 127, 114]
[357, 121, 267, 115]
[183, 189, 344, 357]
[113, 101, 120, 117]
[107, 105, 120, 118]
[113, 120, 105, 119]
[117, 113, 105, 120]
[357, 115, 267, 121]
[121, 120, 113, 122]
[189, 344, 357, 123]
[135, 125, 127, 124]
[135, 131, 127, 125]
[189, 344, 357, 126]
[135, 131, 125, 127]
[189, 344, 357, 128]
[117, 113, 120, 129]
[120, 113, 122, 130]
[135, 127, 125, 131]
[121, 150, 133, 132]
[122, 265, 132, 133]
[105, 8, 346, 134]
[137, 125, 127, 135]
[127, 131, 125, 136]
[127, 125, 135, 137]
[127, 125, 135, 138]
[140, 141, 142, 139]
[98, 141, 142, 140]
[93, 98, 142, 141]
[98, 140, 141, 142]
[189, 344, 357, 143]
[8, 346, 161, 144]
[191, 8, 346, 145]
[177, 171, 147, 146]
[180, 177, 146, 147]
[115, 121, 267, 148]
[345, 8, 346, 149]
[345, 8, 346, 150]
[189, 344, 357, 151]
[201, 8, 346, 152]
[357, 157, 154, 153]
[346, 157, 153, 154]
[191, 8, 346, 155]
[8, 123, 346, 156]
[345, 8, 346, 157]
[189, 344, 357, 158]
[121, 267, 329, 159]
[191, 8, 346, 160]
[8, 346, 17, 161]
[189, 344, 357, 162]
[183, 189, 344, 357]
[243, 8, 346, 164]
[115, 121, 267, 165]
[191, 8, 346, 166]
[344, 357, 188, 167]
[37, 8, 346, 168]
[175, 172, 173, 169]
[345, 8, 346, 170]
[169, 175, 173, 171]
[175, 169, 173, 172]
[169, 171, 175, 173]
[172, 169, 173, 174]
[169, 171, 173, 175]
[8, 346, 38, 176]
[147, 173, 180, 177]
[173, 177, 147, 178]
[177, 8, 346, 179]
[147, 173, 177, 180]
[171, 175, 173, 181]
[346, 169, 40, 182]
[183, 189, 344, 357]
[115, 121, 267, 184]
[191, 8, 346, 185]
[189, 344, 357, 186]
[189, 344, 357, 187]
[189, 344, 357, 188]
[183, 189, 344, 357]
[8, 346, 170, 190]
[160, 8, 346, 191]
[189, 344, 357, 192]
[357, 455, 187, 193]
[8, 346, 201, 194]
[344, 357, 76, 195]
[115, 121, 267, 196]
[346, 38, 202, 197]
[8, 346, 294, 198]
[105, 134, 84, 199]
[212, 201, 289, 200]
[212, 8, 346, 201]
[8, 346, 197, 202]
[201, 8, 346, 203]
[344, 357, 470, 204]
[8, 346, 201, 205]
[8, 346, 201, 206]
[346, 29, 201, 207]
[29, 201, 207, 208]
[201, 8, 346, 209]
[212, 203, 201, 210]
[8, 346, 201, 211]
[346, 219, 201, 212]
[203, 8, 346, 213]
[189, 344, 357, 214]
[8, 346, 201, 215]
[357, 17, 123, 216]
[191, 8, 346, 217]
[221, 220, 222, 218]
[218, 220, 222, 219]
[221, 222, 218, 220]
[220, 222, 218, 221]
[221, 220, 218, 222]
[191, 8, 346, 223]
[294, 38, 46, 224]
[145, 8, 346, 225]
[344, 357, 46, 226]
[191, 8, 346, 227]
[242, 243, 252, 228]
[232, 251, 255, 229]
[232, 251, 255, 230]
[242, 243, 252, 231]
[254, 251, 255, 232]
[232, 251, 255, 233]
[242, 243, 252, 234]
[242, 243, 252, 235]
[242, 243, 252, 236]
[239, 247, 248, 237]
[242, 243, 252, 238]
[237, 247, 248, 239]
[232, 251, 255, 240]
[242, 243, 252, 241]
[238, 243, 252, 242]
[238, 242, 252, 243]
[8, 241, 346, 244]
[247, 248, 246, 245]
[247, 248, 245, 246]
[237, 239, 248, 247]
[237, 239, 247, 248]
[239, 247, 248, 249]
[239, 247, 248, 250]
[254, 232, 255, 251]
[238, 242, 243, 252]
[8, 123, 346, 253]
[232, 251, 255, 254]
[254, 232, 251, 255]
[8, 123, 346, 256]
[357, 259, 257, 261]
[191, 8, 346, 258]
[357, 257, 261, 259]
[191, 8, 346, 260]
[357, 259, 257, 261]
[121, 284, 267, 262]
[38, 197, 176, 263]
[267, 380, 297, 264]
[191, 8, 346, 265]
[308, 8, 346, 266]
[115, 121, 284, 267]
[189, 344, 357, 268]
[308, 8, 346, 269]
[8, 346, 294, 270]
[189, 344, 357, 271]
[344, 357, 272, 278]
[308, 8, 346, 273]
[346, 333, 317, 274]
[344, 357, 50, 275]
[318, 53, 287, 276]
[346, 17, 161, 277]
[344, 357, 272, 278]
[265, 28, 69, 279]
[8, 123, 346, 280]
[189, 344, 357, 281]
[189, 344, 357, 282]
[189, 344, 357, 283]
[344, 357, 267, 284]
[293, 8, 346, 285]
[344, 357, 313, 286]
[276, 8, 346, 287]
[189, 344, 357, 288]
[344, 357, 200, 289]
[346, 17, 161, 290]
[115, 121, 267, 291]
[304, 8, 346, 292]
[346, 38, 285, 293]
[191, 8, 346, 294]
[344, 357, 271, 295]
[285, 8, 346, 296]
[344, 357, 264, 297]
[189, 344, 357, 298]
[8, 346, 294, 299]
[346, 260, 411, 300]
[304, 8, 346, 301]
[8, 346, 394, 302]
[191, 8, 346, 303]
[191, 8, 346, 304]
[286, 8, 346, 305]
[394, 310, 26, 306]
[346, 29, 150, 307]
[191, 8, 346, 308]
[346, 285, 294, 309]
[26, 306, 314, 310]
[314, 346, 310, 311]
[8, 346, 29, 312]
[344, 357, 286, 313]
[26, 306, 310, 314]
[32, 8, 346, 315]
[312, 317, 29, 316]
[8, 346, 29, 317]
[53, 287, 276, 318]
[344, 357, 123, 319]
[48, 8, 346, 320]
[29, 17, 161, 321]
[191, 8, 346, 322]
[123, 346, 351, 323]
[344, 357, 323, 324]
[8, 123, 346, 325]
[344, 357, 327, 326]
[14, 123, 326, 327]
[326, 8, 346, 328]
[344, 357, 123, 329]
[8, 123, 346, 330]
[336, 8, 346, 331]
[191, 8, 346, 332]
[8, 346, 274, 333]
[8, 346, 168, 334]
[123, 346, 342, 335]
[342, 341, 337, 336]
[336, 345, 341, 337]
[340, 344, 357, 338]
[345, 341, 339, 343]
[344, 357, 338, 340]
[346, 337, 345, 341]
[341, 337, 336, 342]
[345, 341, 339, 343]
[183, 189, 344, 357]
[346, 337, 341, 345]
[160, 191, 8, 346]
[8, 346, 27, 347]
[323, 8, 346, 348]
[191, 8, 346, 349]
[189, 344, 357, 350]
[76, 323, 123, 351]
[189, 344, 357, 352]
[8, 346, 294, 353]
[344, 357, 123, 354]
[189, 344, 357, 355]
[344, 357, 76, 356]
[183, 189, 344, 357]
[189, 344, 357, 358]
[8, 123, 346, 359]
[344, 357, 359, 360]
[344, 357, 362, 361]
[121, 267, 361, 362]
[377, 392, 395, 363]
[384, 437, 446, 364]
[377, 392, 395, 365]
[384, 437, 446, 366]
[377, 392, 395, 367]
[434, 440, 442, 368]
[380, 392, 395, 369]
[442, 429, 403, 370]
[380, 392, 395, 371]
[392, 395, 406, 372]
[395, 393, 389, 373]
[437, 446, 380, 374]
[437, 446, 380, 375]
[384, 437, 446, 376]
[367, 392, 395, 377]
[446, 380, 438, 378]
[395, 369, 379, 387]
[384, 437, 446, 380]
[384, 437, 446, 381]
[446, 429, 380, 382]
[384, 437, 446, 383]
[453, 384, 437, 446]
[377, 392, 395, 385]
[417, 447, 386, 416]
[395, 369, 379, 387]
[437, 446, 380, 388]
[393, 395, 373, 389]
[446, 380, 375, 390]
[450, 452, 398, 391]
[367, 377, 395, 392]
[384, 437, 446, 393]
[446, 448, 449, 394]
[367, 377, 392, 395]
[422, 423, 424, 396]
[407, 408, 405, 397]
[437, 446, 391, 398]
[384, 437, 446, 399]
[402, 369, 400, 409]
[377, 392, 395, 401]
[400, 409, 380, 402]
[437, 446, 370, 403]
[446, 380, 402, 404]
[397, 407, 408, 405]
[437, 446, 372, 406]
[397, 405, 407, 408]
[397, 405, 407, 408]
[402, 369, 400, 409]
[377, 392, 395, 410]
[384, 437, 446, 411]
[428, 430, 431, 412]
[428, 430, 431, 413]
[430, 431, 413, 414]
[428, 430, 431, 415]
[417, 447, 386, 416]
[386, 416, 447, 417]
[396, 418, 422, 424]
[423, 424, 396, 419]
[418, 422, 424, 420]
[423, 424, 396, 421]
[396, 418, 422, 424]
[422, 424, 396, 423]
[396, 418, 422, 424]
[434, 440, 442, 425]
[428, 430, 431, 426]
[428, 430, 431, 427]
[427, 428, 430, 431]
[440, 442, 370, 429]
[427, 428, 430, 431]
[427, 428, 430, 431]
[442, 432, 435, 444]
[433, 434, 440, 442]
[433, 434, 440, 442]
[442, 432, 435, 444]
[434, 440, 442, 436]
[453, 384, 437, 446]
[446, 380, 378, 438]
[441, 443, 394, 439]
[433, 434, 440, 442]
[440, 442, 443, 441]
[433, 434, 440, 442]
[440, 442, 441, 443]
[442, 432, 435, 444]
[437, 446, 368, 445]
[453, 384, 437, 446]
[386, 416, 417, 447]
[452, 451, 453, 448]
[394, 448, 450, 449]
[446, 449, 452, 450]
[452, 453, 448, 451]
[448, 450, 453, 452]
[446, 448, 452, 453]
[375, 380, 455, 454]
[384, 437, 446, 455]
[450, 452, 123, 456]
[189, 344, 357, 457]
[461, 458, 459, 460]
[461, 458, 459, 460]
[461, 458, 459, 460]
[459, 460, 462, 461]
[459, 460, 461, 462]
[462, 461, 463, 465]
[459, 460, 461, 464]
[462, 461, 463, 465]
[459, 460, 461, 466]
[8, 346, 294, 467]
[357, 78, 470, 468]
[344, 357, 470, 469]
[344, 357, 468, 470]
[473, 469, 470, 471]
[115, 121, 267, 472]
[189, 344, 357, 473]

